4
0.0 0.0 0.0
1.0 0.0 0.0
0.0 1.0 0.0
1.0 1.0 0.0
2
1 (1.0, 0.0) 2 (0.0, 1.0) 0 (0.0, 0.0) 
1 (1.0, 0.0) 3 (1.0, 1.0) 2 (0.0, 1.0) 
4
((0.04721736162900925, -0.18390820920467377, 0.0), (0.07027705758810043, 0.14377765357494354, 0.0), (0.09333674609661102, 0.4714634418487549, 0.0)) ((0.09567523002624512, 0.6551292538642883, 0.0), (0.0988779067993164, 0.8702392578125, 0.0), (0.2697284519672394, 0.7395004630088806, 0.0)) ((0.26280897855758667, 0.3221281170845032, 0.0), (0.3173884153366089, 0.1140328049659729, 0.0), (0.3696330189704895, 0.3589782118797302, 0.0)) 
((0.45244255661964417, -0.10328775644302368, 0.0), (0.4844173789024353, 0.10945665836334229, 0.0), (0.5366619825363159, 0.35440218448638916, 0.0)) ((0.5371010899543762, 0.6540627479553223, 0.0), (0.569075882434845, 0.8668071627616882, 0.0), (0.6213204860687256, 1.1117527484893799, 0.0)) 
((1.026175618171692, 0.6403343677520752, 0.0), (0.9002737998962402, 0.8050293922424316, 0.0), (0.7203565239906311, 0.9615336060523987, 0.0)) ((0.618015706539154, 0.6675248742103577, 0.0), (0.5399166941642761, 0.4878658354282379, 0.0), (0.6101126074790955, 0.28277185559272766, 0.0)) ((0.744743287563324, -0.007379554212093353, 0.0), (0.8520336747169495, 0.0924868956208229, 0.0), (1.0040770769119263, 0.29151102900505066, 0.0)) 
((0.29743051528930664, 1.144904613494873, 0.0), (0.3734460771083832, 0.943648099899292, 0.0), (0.3737432062625885, 0.7061089277267456, 0.0)) ((0.3102419376373291, 0.32917463779449463, 0.0), (0.31910446286201477, 0.1142234057188034, 0.0), (0.2446797490119934, -0.11135564744472504, 0.0)) 
